Interval 	x;  	f 	fr  	F 	Fr  	%
[1.0-1.3)	1.15	1 	0.02	1 	0.02	2%
[1.3-1.6)	1.45	5 	0.08	6 	0.09	8%
[1.6-1.9)	1.75	2 	0.03	8 	0.12	3%
[1.9-2.2)	2.05	6 	0.09	14	0.22	9%
[2.2-2.5)	2.35	8 	0.12	22	0.34	12%
[2.5-2.8)	2.65	6 	0.09	28	0.44	9%
[2.8-3.1)	2.95	12	0.19	40	0.62	19%
[3.1-3.4)	3.25	15	0.23	55	0.86	23%
[3.4-3.7)	3.55	6 	0.09	61	0.95	9%
[3.7-4.0)	3.85	3 	0.05	64	1.0 	5%
